Load.208450100.AllocationFactor=1.1578
Load.209450100.AllocationFactor=1.1578
Load.210450100.AllocationFactor=1.1578
Load.211450100.AllocationFactor=1.1578
Load.212450100.AllocationFactor=1.1578
Load.213450100.AllocationFactor=1.1578
Load.216450100.AllocationFactor=1.1578
Load.231019089.AllocationFactor=1.1578
Load.208450101.AllocationFactor=1.1578
Load.209450101.AllocationFactor=1.1578
Load.210450112.AllocationFactor=1.1578
Load.211450111.AllocationFactor=1.1578
Load.212450101.AllocationFactor=1.1578
Load.213450101.AllocationFactor=1.1578
Load.216450101.AllocationFactor=1.1578
Load.231019081.AllocationFactor=1.1578
Load.109614539.AllocationFactor=1.1102
Load.138468953.AllocationFactor=1.1102
Load.313055646.AllocationFactor=1.1102
Load.318979782.AllocationFactor=1.1102
Load.438429982.AllocationFactor=1.1102
Load.527508382.AllocationFactor=1.1102
Load.589583049.AllocationFactor=1.1102
Load.665149786.AllocationFactor=1.1102
Load.679416869.AllocationFactor=1.1102
Load.374998000.AllocationFactor=0.81012
Load.577350100.AllocationFactor=1.6463
Load.113450100.AllocationFactor=0.81012
Load.171450100.AllocationFactor=0.81012
Load.206350100.AllocationFactor=0.81012
Load.207350100.AllocationFactor=0.81012
Load.208350100.AllocationFactor=0.81012
Load.209350100.AllocationFactor=0.81012
Load.189720633.AllocationFactor=0.81012
Load.183350100.AllocationFactor=0.81012
Load.184350100.AllocationFactor=0.81012
Load.10350100.AllocationFactor=0.81012
Load.160450100.AllocationFactor=0.81012
Load.135350100.AllocationFactor=1.6463
Load.136350100.AllocationFactor=1.6463
Load.137350100.AllocationFactor=1.6463
Load.138350100.AllocationFactor=1.6463
Load.139350100.AllocationFactor=1.6463
Load.140350100.AllocationFactor=1.6463
Load.141350100.AllocationFactor=1.6463
Load.118350100.AllocationFactor=1.6463
Load.133350100.AllocationFactor=1.6463
Load.134350100.AllocationFactor=1.6463
Load.142350100.AllocationFactor=1.6463
Load.143350100.AllocationFactor=1.6463
Load.144350100.AllocationFactor=1.6463
Load.575350100.AllocationFactor=1.6463
Load.576350100.AllocationFactor=1.6463
Load.307998000.AllocationFactor=0.81012
Load.324998000.AllocationFactor=0.81012
Load.326998000.AllocationFactor=0.81012
Load.329998000.AllocationFactor=0.81012
Load.331998000.AllocationFactor=0.81012